603060
603385
300547
600085
603990
002612
603337
002061
002365
002725
002742
601000
002492
002408
002385
603578
002289
002134
603817
603377
000860
603357
300719
002032
600278
603717
300273
600455
600081
603081
601225
603656
600546
600104
600889
000928
002248
600101
600249
300479
603607
300619
603556
600885
300222
300516
603336
600576
002925
603098
300722
603883
600340
603089
002700
601038
600707
300480
300427
002428
000049
002409
300684
000963
600125
300692
603042
601988
600283
600060
600593
300548
603839
000880
000735
603278
600583
603665
300144
300101
300596
300717
603178
603866
002691
000736
300569
000759
300570
603180
603367
600676
002582
603322
300647
002536
601500
603067
600673
000731
300296
300740
300037
603929
002185
002572
300655
300103
002534
600608
603916
002616
600535
002193
603899
002007
603898
600326
002902
002119
601998
300381
600888
002768
300709
603939
600028
300232
300701
603039
300321
603019
601231
002372
600009
300270
603777
600714
600133
600970
002882
300635
300188
600876
603859
002600
603595
300304
000877
002584
002920
002371
002679
300588
002476
002226
603881
300610
300474
300046
300130
603856
002662
000911
300509
002046
600053
600299
002728
002667
300149
600497
600520
603283
300070
000755
002837
300491
300426
002436
300398
002410
600761
300260
603345
002140
603208
603396
002362
600239
002878
002820
600814
300182
002596
300121
300176
002049
002680
300430
300638
300633
300661
300706
002488
002810
002251
300422
002875
300680
300554
600655
000411
002893
002915
600433
300252
002271
002475
002201
300459
300654
002761
300237
600603
603579
002727
000423
000695
002719
002482
600211
002841
002373
300723
002690
300181
300671
300275
603806
600569
000952
300428
300008
603801
002089
300602
300567
002911
300718
603900
300528
300133
300708
000576
603233
002036
002244
002688
300393
300511
002419
002845
000980
000301
603609
002916
002426
600581
603536
300715
300313
601878
300584
603303
601137
603501
300559
002236
603138
603103
002733
603305
603518
600985
601678
300348
002877
603926
002390
603696
300450
600241
300505
603617
002812
002261
300385
002431
603535
000606
002908
600393
002905
000560
300413
603200
300590
603127
603826
002740
300016
300677
600069
300700
000818
603843
300374
600148
603603
600165
600866
600785
600556
300736
000932
600425
300495
600568
600722
603538
600869
603659
603887
600423
603778
600507
600086
600903
600290
300483
002622
300664
300142
002282
000410
600696
002886
002793
002035
603707
002864
603618
603496
603260
000046
603028
600203
603360
002668
603079
300061
600734
300514
300712
601216
600960
002072
300506
603429
300425
300585
600634
300552
002899
603813
002900
000912
600159
002416
603908
002833
600804
603359
000008
603628
001896
600339
002381
000587
603335
601929
000981
603196
603011
603816
600887
600376
600120
603996
603041
002836
600619
600622
603600
000593
603387
000707
000504
600895
601100
000525
000425
600800
000558
603399
600892
000720
601949
000524
002555
600827
600629
603226
002345
603877
600302
000611
002180
002415
603159
600143
603689
601966
603861
000538
601908
600900
601118
600162
600552
600909
600149
600749
600978
002167
600321
600690
603308
600185
603203
601021
601258
002107
300494
600747
000988
600236
600939
002647
600774
601515
601669
603987
603232
600098
000415
000801
603229
600595
600781
000528
600489
603825
002458
000681
000150
603589
601890
300573
300665
600215
603527
300069
300411
000586
603315
002188
300162
603383
002044
600764
300512
000796
002306
603389
603319
603855
603181
603316
002268
002212
600580
300490
002539
300219
603321
002723
002336
002558
600745
600694
002078
002819
300669
600366
300412
300217
300510
603728
002170
603599
300028
600977
000913
300209
603331
300408
603959
002470
002876
002203
002811
603797
300686
300347
002157
603517
300249
600281
300645
600525
000692
600476
600712
002506
601877
603568
600175
300085
000526
600936
600687
603177
000060
000605
000883
300278
300255
000823
002022
600651
002325
600598
600019
300031
002027
002780
300137
002304
603015
000678
300315
600891
300295
603701
002603
603111
601229
600926
300519
002155
002699
600851
600545
603165
000955
601799
000902
603787
600587
002158
300535
603020
601222
600305
300472
002850
603968
300448
603022
002715
601985
300556
000010
000829
600758
600853
600984
603833
300087
600702
002147
300687
002154
601519
603606
600129
601003
300663
300601
002776
000567
002237
600865
601008
603823
000806
600388
600491
600132
600780
603608
603630
603063
600250
600119
600184
603633
600379
300051
600821
300529
300648
601900
600091
601166
000533
300368
300012
300621
000937
600573
002264
002852
603238
600706
603500
603676
603218
002280
603069
300419
600173
300203
600048
002846
300695
603139
603616
000004
600361
002422
600285
600592
002789
603882
603906
002502
603086
600996
603277
002269
601127
002628
300587
603183
600480
300591
600408
300604
002722
603488
300032
002112
601177
601199
000858
601366
000417
600317
300329
603896
002181
300002
300090
603519
600275
603197
601126
300698
600155
600212
002623
603779
603886
603320
603838
600730
300392
603980
002732
603366
002868
601106
300013
300157
603058
300167
002553
300409
000548
600337
300225
002626
603036
600307
603380
300311
300170
603286
002122
300265
300572
300558
002153
002213
603386
300636
300643
600691
300599
601952
601163
002867
601113
002067
300091
300345
002657
002848
600387
603727
600979
600848
300150
603569
600558
600872
002204
002057
600297
002614
002327
000778
000498
002635
002633
300625
603679
300533
603860
600189
300553
603133
002309
300279
300191
300129
603858
002312
603868
300540
300075
300626
002113
300276
603811
300331
002629
603767
300119
002664
300477
002464
600550
002386
300475
002512
600381
600796
603016
000859
002559
002546
002556
300651
603601
603515
002216
603920
600505
603101
600815
603557
300118
600703
002127
300620
002040
002828
002508
603328
603880
002689
603099
002477
002538
600867
603189
600446
002730
300269
600652
600732
300300
002275
300617
000059
300499
603035
002231
002709
002562
002305
601965
002651
002095
002887
002384
603966
002775
300616
002774
300268
000546
600636
002351
000690
002048
002685
603648
002746
603758
002454
300395
002292
603323
002433
002045
002583
300630
002665
002435
002892
603958
603909
002071
002869
002495
002042
002696
002361
002343
002026
601700
002840
300235
300546
300417
002835
002832
002587
300020
300241
300251
002778
601567
300441
000620
002554
002448
603298
002219
002849
601116
002816
002843
002307
002085
002273
002499
600868
300043
600246
002738
002785
002634
002853
002872
603586
002020
002803
002678
002866
002637
002760
002890
002542
002773
002825
002451
002579
600671
002018
002485
002751
300221
002310
600506
600771
600533
300202
002197
600097
002443
002885
603227
002652
002445
000703
002645
002050
600280
600410
002861
000639
603188
603169
600083
300481
002830
300580
300236
002671
600572
600566
300685
300172
002387
603708
603737
601919
600860
600602
600635
600663
601811
600188
600011
600054
600623
600329
600818
000020
000017
601992
