603708
603568
300671
002600
002582
300413
300661
300558
600143
002327
300188
603900
300385
000681
002020
600297
300251
000546
603599
603866
300170
300633
002555
300601
300398
603515
600048
601877
600745
600761
600388
603877
002044
600690
603839
002709
002866
002007
601222
002061
002410
603883
002668
300203
300529
002304
600184
601021
601100
603728
002157
300572
002343
600872
000425
603111
600566
600623
000860
002268
002027
000703
600970
600337
002470
603328
603899
600305
002048
600702
600525
300121
002180
603579
603517
603898
600009
603707
603589
300144
600885
600985
002273
603868
000049
600507
002384
000963
300347
603233
002185
300012
002435
002078
002768
002812
603337
002475
600285
603929
002095
002050
600703
002040
600060
300474
603939
002583
300630
603833
002696
002387
002127
603737
601799
300567
002045
300296
002371
002508
300101
002036
603816
600887
002236
002727
600867
002572
002032
002773
603377
300604
300232
002310
300408
002035
600339
002026
300225
300129
603825
002614
002271
000858
300422
300450
002153
601952
603197
300130
300061
000498
