000002
600048
600030
300059
601688
000063
300498
600498
600570
600031
600406
601012
001979
002475
601933
600340
002410
601155
600009
600038
002821
002044
300012
300413
002624
600763
300271
600201
300037
002439
002916
002127
002384
002223
300595
600438
002311
300628
300454
300451
600612
000681
002157
300529
603517
600600
300203
600529
300207
300232
300274
600563
600867
300365
002511
600132
300601
300073
002812
603345
002643
603659
300188
002614
002120
300572
600143
