603077
002428
002713
600175
300518
002002
002663
600369
002183
300005
300292
300459
002440
300158
603127
601567
603218
002256
603776
600580
002896
600882
603225
601228
000926
300290
601566
300526
002249
300495
000766
002203
300295
002619
603363
600739
600586
002482
600376
300055
600490
600715
600583
000552
002468
601258
002195
600875
002359
603708
603223
603501
600058
300441
002293
600679
600272
000686
603298
002317
000009
002215
300297
000629
601878
002505
300010
603568
600026
002335
002064
600751
603585
600133
002493
000156
600777
002182
000667
002799
000592
600811
002014
002610
002880
300133
002608
600323
600636
600717
000509
600816
603188
300671
002892
002600
300086
600770
000729
600640
000413
002582
600919
300148
603533
600208
000897
300146
002903
600011
601216
600061
601678
300219
300462
002389
601991
601369
000690
603558
002898
002042
600823
000728
300395
002906
002827
300157
300011
300693
000627
002124
300525
002235
002463
300692
002102
600289
600655
603167
300413
300676
601908
300537
600273
300661
603359
300244
600711
600612
002840
300026
000056
603979
000012
600535
601801
300461
002860
000541
300490
603499
600358
300388
002491
002086
000157
601238
000070
603557
300253
600326
600551
600776
601311
603131
300396
300027
600888
002019
002897
002603
002101
002563
300362
300118
000783
002797
300315
300597
002373
600236
300183
002477
000055
002602
002281
603628
300558
600673
000876
600775
300678
002787
000615
000039
300421
600239
002895
002902
000401
603110
600271
600177
002263
002500
600155
002369
000792
601588
600322
600497
601949
002003
600345
600010
000061
000883
002122
002089
600729
603885
002859
002147
002261
002643
600641
603721
600115
603183
300116
600482
002004
002584
002798
601992
300379
000665
600459
002028
601811
601669
600617
603277
000813
603098
600664
600057
000839
603181
000636
300698
603496
603116
002612
300266
600023
000829
300002
300216
002382
300319
601000
600485
600329
600743
600143
601139
601313
000939
600240
300313
601579
601058
002219
601111
002327
002191
600256
600422
600398
600415
600578
601360
600188
002680
000046
002736
000021
000612
002611
601326
600221
600362
300377
300188
300230
600971
603900
300036
300316
600312
300001
000630
000889
603335
000671
002517
600755
300451
000524
300037
002690
603882
300291
600269
603823
002110
000601
600758
601766
002223
601555
300385
300654
600618
002039
300700
603963
000681
000793
600169
300699
600153
600027
000735
601225
600029
600926
600291
603383
603566
002374
002020
300196
600141
002385
000717
002699
300515
002012
002047
000961
300705
002222
600619
600803
000938
002422
000059
600845
000909
601677
603633
001979
000598
300487
002721
603938
600352
000625
601001
600665
002637
000422
600297
002706
601919
000623
002675
601636
600325
300251
300336
600859
000718
600157
603103
601098
603203
002484
002527
002658
600675
002131
603039
000060
600600
002686
601186
601086
300438
600392
601998
600771
603308
000546
603638
603599
300433
300370
000900
002839
002821
002405
002701
002081
600688
600597
600201
600570
603010
601333
600515
002815
600278
300662
600522
300113
002174
603729
601233
000976
000905
002648
600521
600886
600008
002594
002474
000723
603288
600284
002334
603866
600183
603345
002504
300170
300373
600380
002202
000553
002807
603386
600797
300013
000878
300463
600988
002292
300673
000902
300073
600378
002626
000540
300420
600545
002531
300633
600705
000830
300383
600557
000008
002673
002555
600315
000100
300241
002091
002056
000419
000571
002221
002893
300601
601818
601009
600438
002038
300326
603813
600351
600667
300043
000581
000751
002244
600835
300398
601788
000789
600261
603515
601966
002158
600048
600511
600536
300376
601877
000698
600763
002677
002543
600894
002092
600657
002672
300184
002345
002114
000537
002818
002242
002104
600874
600633
300470
600123
601099
002030
300192
600146
002354
601965
300072
600745
600466
300628
002556
601198
600195
600987
000750
300366
600426
600761
002065
000888
603555
603869
600456
603019
600366
002901
600038
600516
601169
600486
002589
000999
300276
600388
601118
002467
603877
600741
002083
002044
300044
002005
300697
600260
000597
000503
000877
002117
000988
002106
002402
000726
600690
300415
603639
000966
000566
002739
603421
300122
600031
600390
000959
603839
000886
601003
603456
002252
000821
600588
603025
601116
300017
600406
600572
600377
002737
002709
002625
002866
600569
603619
603766
600332
002573
000617
300096
002007
002206
002448
002601
601800
600138
300166
002695
600420
603678
002251
000408
002391
002636
300038
002502
600300
600704
601231
002472
600850
601117
601020
601222
300308
600839
601002
300363
600409
002562
000875
002288
002074
000732
600160
601336
002230
600881
002156
002061
000031
600585
002777
601900
002410
600416
002352
300020
603883
603369
002668
300203
600267
600548
300529
002714
600328
300502
000402
300098
002851
600645
002304
600184
601021
603858
600487
600270
600172
000038
600198
000090
002132
601857
002587
600628
002129
000979
300124
600361
600019
000825
601100
000429
603728
600754
000600
600136
601088
002341
002157
002444
000887
000862
300109
601168
000011
000869
600697
002250
300009
000977
300572
002430
002343
000030
600348
002511
600109
002090
600395
601699
601600
600872
000425
000501
300410
300258
300097
002025
600757
600917
600528
600125
000820
603989
603806
000688
000418
601158
002353
601899
002551
600171
300272
600059
600158
600828
300058
300088
002128
002501
600584
600567
300063
600076
600373
600958
000559
600280
000983
300482
002664
603111
002624
601018
000034
000166
601872
000685
002142
002245
600085
600079
600176
000709
300545
600418
600900
600566
000596
603008
603313
600050
300059
300310
000895
600996
600623
600132
000680
000860
002557
603920
002544
000898
600559
000036
600400
002400
600259
002268
600750
600161
601985
600685
002507
000555
300237
002027
600518
600105
600298
000006
600170
603738
002294
600851
002161
002514
601608
002404
600209
601515
600870
600936
601128
601163
601500
601882
603007
300582
603000
600737
600483
000788
002443
000037
300273
000703
002588
002498
603117
000952
002072
002193
002702
603311
603669
600189
002486
000650
300218
002578
600577
002471
002098
600243
600128
600814
000603
000759
600078
002641
600086
300510
000526
603016
603028
603029
603101
600131
000935
300506
002062
600689
600458
601616
603058
603266
000809
000815
002296
600293
002697
002461
603520
600540
600051
000564
600095
002512
002277
603616
600107
000677
300299
300153
600701
600576
603598
600475
002205
002112
603958
002424
600891
600853
600854
601028
600687
600478
600235
600995
601599
002100
002393
600880
300586
600476
603033
300150
300165
300351
603360
600869
600730
600892
600255
600768
002282
603003
002196
600537
603035
002321
002459
601177
000510
002017
002301
600178
002216
600313
002333
000026
600698
300306
000816
600970
002265
002651
002650
002228
002031
002208
000536
002163
002523
600257
002162
000022
600052
300330
002229
002655
600186
600080
600533
000892
300132
002135
600833
600836
000965
002267
601929
600785
300569
601126
000010
600363
002291
600695
603020
603399
002145
300497
600980
002538
300460
601226
002437
002011
000533
002238
300135
002178
600017
002018
000695
600279
002060
000619
600381
002052
600429
000589
000573
300242
000962
000969
000973
000981
000890
600543
002218
002324
600653
000795
600346
600318
601886
002224
002360
002592
000993
600077
603002
000850
000663
000753
002623
000523
300205
300264
002604
002616
300023
000810
002559
300066
600992
600962
002412
002574
600359
600249
000710
002319
300051
600604
002079
000672
000637
000757
300246
300052
300095
300280
000502
600890
600232
002134
600652
000702
600448
000545
600493
600571
002579
000752
000518
600838
002401
000920
002336
000880
300400
002788
002209
002782
002286
000913
300399
600530
600986
002789
002790
002793
002795
002802
002805
600721
601106
300127
600573
600605
600778
600812
600396
600069
002125
002130
000430
000514
601918
600613
600354
000837
300517
300528
300533
002832
300245
002595
300018
300174
002752
600644
000812
001896
300615
300606
300596
603178
002654
600135
002653
002427
002154
002722
600647
600744
000918
000150
600331
002254
002362
600587
002325
300339
002164
600246
000159
600712
000096
002255
002312
300198
300032
000893
600505
002097
002119
002136
603918
600088
600117
600162
600616
000504
000534
000599
603299
002781
603336
002816
002817
002819
002820
002825
300071
300210
600185
600222
002165
600520
000996
600526
300221
002105
600262
002347
600353
600635
601010
600671
000532
000563
000587
300322
300425
300212
601789
002476
002452
002533
300103
002186
600226
600592
000607
000635
002046
000548
002166
000551
002370
000407
000416
002307
600295
600724
002258
600726
600769
000856
600137
002545
002160
300093
600694
002629
600818
002622
002607
000622
002377
002141
000819
000507
600393
600159
300235
002541
600302
300256
002204
300269
002632
002703
600206
600982
002364
002590
000798
002671
000818
000802
600819
002227
000505
000657
002700
600678
600360
600463
600320
300301
002420
002266
600552
002212
300110
000912
002676
000620
603936
002785
002539
600120
300119
000707
002487
603066
002082
000088
601519
300307
600495
600843
603789
002417
000428
603189
300480
603878
603928
603319
002674
300329
300419
600094
002803
600908
000153
603768
000058
000701
000673
000040
002853
600861
600863
600871
603168
601016
600550
300168
000780
002513
000861
000014
000713
600202
002037
600658
600333
000042
000683
600780
600103
000785
600387
002451
002397
002350
600560
600973
600084
002107
002620
600539
002337
600229
600561
600173
600101
002057
002660
002566
600148
000610
600053
002657
300213
300169
600470
300265
600965
600241
300223
300179
300300
002630
000585
600097
600242
601558
300331
002270
000692
002693
002113
000004
000670
000790
601958
000608
002565
002169
000722
002109
600735
600844
002711
300162
000068
002441
603798
300029
002678
002015
002378
600152
600215
600099
600370
000045
601368
600830
601007
603779
603322
000586
000755
002813
300243
300311
002339
300483
000628
603036
603389
603819
000421
002613
002691
002748
300084
300087
300176
000958
300532
300534
300536
300541
300542
603888
600684
000882
002330
603615
300201
300341
603268
000005
300626
300260
000582
300030
600439
002290
300131
600287
603518
002033
002181
603088
000859
603100
600216
600575
600601
000852
601518
600736
000626
000609
000833
600375
000029
600513
600367
600220
000531
000767
600082
002575
600365
000025
000409
002771
002772
000019
002210
002560
002561
300042
600191
002656
000554
000023
300250
002213
002201
300167
600766
300107
600727
300249
300187
300254
600868
300314
002689
000633
600753
600306
000908
002348
002021
600538
000576
601038
002198
300382
002698
300004
002499
002275
000948
600248
002170
002264
300318
002302
600163
002034
002231
000737
000762
000863
300469
300390
000989
000990
300286
300076
600455
300547
002418
000007
603887
002220
002738
000929
002058
603843
600190
600532
603393
600802
002524
002750
603906
300472
300486
002747
603126
603508
002143
600218
002495
600210
002177
300117
300111
002326
000931
600791
000016
000570
002438
300062
002628
601188
002388
601008
000638
000955
002558
300278
300321
002442
300352
300228
600165
002295
300208
300268
300262
002316
002667
002515
300189
002432
300407
600139
002489
000420
300155
002167
600425
002356
600624
600981
600555
000584
002289
000791
000158
600321
002446
600127
002211
300175
000560
300194
002546
600599
300191
600336
600756
300375
603998
002184
300344
002681
600609
300368
000676
600817
000679
300325
002280
002305
002652
000043
002576
300501
300444
600807
002645
002741
300446
300466
300381
600897
002749
002358
300412
002066
603169
002808
002810
002811
600299
002506
600290
603385
600764
002416
002054
600668
002774
601107
300211
603227
000656
000655
600620
002259
300181
002549
002634
300270
600433
601113
600781
600379
002647
603636
600371
300112
300304
300149
600067
300134
002492
300151
002485
600611
600558
300402
300240
002225
002542
300172
002395
300041
600130
000565
600506
000605
000048
002621
002346
600800
002642
600984
002274
002591
600462
002726
300380
300358
002733
000520
600722
002692
600385
300488
600444
603609
603015
002725
300513
300386
002740
603069
002751
300343
603606
603988
002708
002688
300371
002670
002723
603018
002760
603318
002765
300423
300521
300493
603099
603166
300443
603026
603258
300609
002719
002729
300405
603688
002724
002731
600793
002735
300411
603017
300464
603222
603309
603618
603828
300478
300481
603838
002763
002769
603021
603315
300455
300468
601968
300449
002757
300475
002767
603023
002761
002753
603300
300448
002742
300485
300453
300522
300576
300543
603667
603656
603617
300669
002779
002783
603696
002786
603778
603726
002800
603090
300531
603316
300663
002879
300589
300499
300507
002796
603822
603701
300509
002809
002806
603067
300530
300535
603159
603031
300561
300559
300538
300553
002847
300622
300611
601212
002856
603388
603586
603133
300620
603041
603630
603677
603668
002843
002845
300605
300617
300631
002824
603177
300584
603903
601858
603429
603966
603358
603043
300672
603331
603286
603536
603326
300660
300657
002877
603879
300592
002875
002863
002872
002870
603229
300656
603926
603113
603505
002846
300637
002848
603038
603991
300649
002883
002878
603226
002865
300647
603081
603811
603896
002886
300650
300554
603908
300685
002884
603079
300683
603535
300701
300696
300706
603500
002889
300688
603860
300703
002891
002888
603976
603136
603357
603829
603730
300677
600773
002496
300204
300229
600596
002419
300277
000035
600062
002126
300202
000519
600436
300406
601866
600674
000786
000338
300070
600151
603198
000777
300085
000967
000848
002080
000538
600337
000975
002470
600383
300177
002332
300287
600590
300159
601155
600372
603001
600199
603987
000727
600660
000066
603328
603899
600708
600217
600481
600305
603658
002415
600096
603108
002022
300065
000517
000930
603228
002048
002013
002311
603444
300496
603378
600702
000921
600637
600021
601880
600782
600479
600525
300077
600033
000915
300121
300064
002180
603579
000778
000971
603517
300182
600068
300123
601997
600718
600219
300049
600683
600126
603898
002139
300039
600581
601375
002299
600104
600009
000062
600879
300083
000591
600066
300349
603707
603096
000550
002439
603589
600642
002247
002411
300323
600150
600748
603338
000998
601939
000768
300144
300284
000528
601390
000712
600795
601012
600885
002176
600985
000558
300199
600759
600562
600798
002273
300357
600805
600276
601377
601727
601006
002269
000661
600837
600999
600015
002179
600549
600089
603868
002413
600064
600196
601398
000049
300033
300091
002041
002838
603986
002831
600779
600277
600507
600340
002372
002366
000725
603889
300353
002384
300160
603686
002516
002462
000963
300347
600309
002433
600317
600883
000002
600959
000960
002479
002518
600967
603233
300024
600187
600098
300104
002185
002646
002118
000796
002140
601601
300090
300257
600714
600180
600282
002285
600166
002200
600682
603123
300226
601199
000001
600666
300012
002435
000828
600233
600547
002078
000917
600197
002768
002812
603337
600606
002537
002396
300147
600319
000756
600512
600809
002465
002475
300523
600568
002342
601015
002521
600804
600350
002407
601011
600397
000513
600826
000806
600285
603929
601901
603788
600663
600993
601179
300298
002016
002190
300424
600634
002376
600909
002073
600022
600503
300511
000738
000423
601898
002564
002095
601628
002734
600056
300053
601888
600734
002375
002597
000539
600801
002237
600303
600740
002234
600895
002009
002233
000826
600998
002050
600681
603321
000415
600703
002040
600060
000631
603718
600498
002390
300003
000937
002111
002001
601200
002279
601607
600529
600858
600787
600820
002344
600792
300156
002029
000970
002481
300392
300474
000910
600563
002262
603939
300447
601689
600028
600731
000525
002303
002639
002171
600501
300252
600037
600760
002099
002583
300206
600111
601988
002253
300630
002707
300195
600446
603833
000069
001696
600651
601668
603808
300338
600784
000488
002696
000693
603387
002596
300681
600307
300274
600582
300365
002146
002398
000547
601618
002387
002127
600090
600509
300508
000028
600118
002705
603737
300364
002309
601799
603777
002534
000652
300567
300138
002045
600223
000758
603027
600382
600006
600108
603861
601229
000761
300296
300217
603660
002308
603129
600116
300309
600000
600827
600649
601933
000997
002371
002408
600977
600039
000797
600829
300404
002508
000651
300294
600330
603005
300498
600796
601881
300476
600410
002159
300340
000027
300101
002665
002036
300440
600012
603648
603816
600976
300327
002456
300015
600338
300391
600790
002008
600004
600648
300173
002148
600825
600765
600531
600887
002168
600252
002716
600862
300054
300317
603960
600990
002063
000957
002236
300271
300140
002727
603818
002120
600100
600867
601928
002572
000333
600122
600713
600030
002568
600527
000666
300600
002032
600292
000065
002585
601718
601808
600893
002399
002108
300045
002580
300238
000933
002103
002287
603993
600071
002121
002773
300207
300613
002297
603377
300337
000543
600693
600661
300164
002075
603179
600036
300604
000968
300232
002310
002431
000063
600074
300136
002214
300408
002466
002450
002151
000733
601208
300467
002035
002049
600339
300431
600251
300016
002899
002026
601989
000885
600428
002059
300225
002085
002023
600896
000978
300625
002349
002694
300378
300129
600629
600594
002548
300707
600639
600343
601688
300527
002368
300335
603569
601318
603825
600723
603030
002051
601101
600742
000099
002614
300220
300324
000831
000426
002271
601388
000858
603333
002380
600114
600211
601339
300422
600452
000568
600258
600016
601633
000779
600266
002455
600419
300580
603588
600281
000951
002436
000078
000776
002659
603165
600316
603118
300575
002762
002194
002381
603355
600477
300389
600007
603055
002155
600018
002480
002503
300450
300114
601288
600519
600110
603186
300691
300416
601211
002363
603757
600020
002414
300384
600063
603157
601717
600579
600614
300152
601069
002383
000151
000760
002530
002010
002043
002153
600156
000506
300577
601952
600489
603197
300034
601969
603611
002217
002406
603799
002520
600308
300141
000018
002189
002581
300595
300130
300061
601700
000498
002460
603999
002313
600500
603601
002024
600831
000561
300369
000868
002469
002718
600589
002746
000705
300197
600810
