000002
600048
601166
600030
300059
601688
000063
601328
002415
600900
300498
601186
600547
600498
601668
600570
601766
600031
600406
300760
601012
600872
001979
000895
600271
002142
002475
601933
600340
603288
002410
601877
601155
601818
002594
600009
002146
600038
002739
002821
600000
601006
002044
002714
600886
600028
000538
300012
300413
002202
002624
600011
601211
600436
600837
600763
002230
600383
300271
600201
601390
601229
300037
002439
600489
002916
000776
002127
002384
002223
300595
600438
002311
300628
300454
600703
600999
601899
600332
601857
002174
300451
600027
600612
000681
600176
002157
000069
300142
300529
002371
002050
603517
600600
300203
600529
300207
600674
300357
300232
300274
600563
600867
300365
600298
000089
002511
601800
600132
600606
002640
300601
601169
300073
002812
300168
603345
002557
002643
000671
603659
002419
000418
300188
002614
002120
600745
603885
603806
603833
000998
300226
601669
601618
300572
601319
002180
600398
600143
