601878
002293
002600
002195
002389
300133
002042
600208
300413
600612
002463
600011
300388
002493
600482
300146
000783
600236
000401
600115
002019
002637
600535
300558
603900
600729
000039
002706
300673
600188
000671
000636
300188
300230
603885
601111
601000
603308
002531
600664
300316
000830
001979
300433
002648
000717
002422
000408
600271
002202
002327
600362
600177
600201
002244
600048
600029
000703
600970
600346
002595
002258
600216
600157
601636
600741
601233
600390
600521
600466
300072
601222
300038
002044
600845
601877
002737
600745
600803
600183
601003
600438
002020
600761
601009
000625
000537
600690
002677
002714
601766
601336
600027
600031
300251
002027
600487
603883
000546
600267
601100
000732
600221
600559
600859
002007
600176
600388
600038
000418
002304
600062
300373
603889
002081
600150
002481
600456
600705
002668
002400
603369
600572
300170
601021
600584
600570
603579
002117
601117
601225
600987
600196
603707
300398
300308
002415
002709
600398
600146
002311
603986
002739
600516
002157
601231
600585
600298
600763
600522
002624
600426
002251
600352
601155
600260
600511
300012
600085
002142
601012
000538
002537
603288
002294
002555
000967
600372
000661
600702
600566
600010
002156
600887
300144
600060
000975
002247
603338
300203
603658
600138
002585
601857
000333
600600
600755
002159
000768
002048
000651
000166
600297
603179
002013
000789
000999
300070
002384
000591
300129
600795
600879
603001
002308
002405
300474
002659
600338
601318
300357
002594
600036
300024
600282
002439
601398
002716
600233
601601
600872
002179
000786
300476
600392
002352
600809
600337
002385
600525
002009
601939
002366
300130
000820
002436
000001
000858
300498
600660
603899
601899
300059
002085
300257
600316
300463
600765
600383
600682
600547
600000
002344
002077
600893
002372
000034
002341
000596
603939
300006
300340
002016
002075
600016
300091
600406
002573
603659
002694
300347
600436
300416
600960
002040
600064
600063
600339
002773
600519
600118
600056
300225
601088
600723
002271
300309
300226
002173
002768
002456
300415
600862
002103
600277
601727
300274
000002
002313
002517
002589
000543
002626
000725
000895
000848
300195
002176
600007
002672
000778
600143
000568
600276
000631
002614
600332
600693
601200
002617
600009
300003
300450
600340
601628
002696
000666
002127
002116
002475
002168
000963
300124
600867
002310
600498
002252
601998
002343
600518
000411
000100
600523
002035
300284
002025
603111
000821
600581
603788
300279
300467
601098
300199
002383
600104
300136
000726
300607
002568
300114
600885
000860
002465
300383
000060
300630
603801
603718
002462
600958
300296
300015
600661
002466
603686
000878
600663
600804
600477
002236
600703
601166
002223
000959
002001
600066
601328
600028
300323
002572
600779
601818
300156
002399
002821
002375
002010
600030
600309
002050
300098
000988
002049
601933
300034
300346
600418
002061
603108
600335
600674
601718
601989
000528
300122
002171
300502
600019
600527
601969
600308
600416
600050
300104
002717
600079
600420
002120
002250
300365
300271
600754
300285
300138
601288
002511
601600
002041
300159
002480
002073
002507
300054
601888
000921
002036
002450
002273
000915
002387
600760
002078
002599
002727
000426
002508
000888
600837
603799
002419
600649
600582
000063
601699
300310
002408
600089
000006
601997
002460
002470
601333
002185
000826
300081
601952
002008
300324
002153
300009
300166
002217
600961
000968
002529
002080
002583
601099
600258
300298
603515
002126
002488
000756
300618
300422
300567
000519
600018
002095
002276
600718
601169
000078
600167
002074
600990
000338
300406
600172
603008
300143
300545
002322
600529
000028
600197
601898
000567
000581
600195
603228
002597
600266
600864
300457
000513
300337
603989
600270
600285
002180
600531
601377
601006
600999
603678
600486
603377
000739
603005
300014
601799
300338
603816
603337
603096
603197
000910
600428
600998
601689
002268
603589
300232
002431
603019
600389
000018
300068
000069
600435
300097
603626
002368
002530
300342
002812
600676
600419
603556
300447
002396
600801
000998
002051
600489
002146
000983
603833
000776
300287
300267
002340
300408
002338
300613
002371
600855
601633
603993
002032
600597
000933
300424
601618
002230
002139
300616
600116
603368
300033
300017
600742
600122
000501
603328
600606
600835
600252
300335
000402
600068
601211
002640
002152
002705
600588
300145
600100
600622
600054
300418
002841
002262
601688
601988
300142
600594
603517
002833
600900
300207
600004
600037
600114
000049
600782
300577
603808
000951
300115
600015
002518
600967
002024
300007
600391
002410
300409
600787
601607
000901
600491
000547
000898
002043
601186
600305
600886
000639
000807
600507
002376
000997
002192
000590
002094
300222
002138
600563
002497
603737
600021
600677
002449
300364
600500
601668
002707
600517
000065
000400
600963
000425
300197
000423
601666
603818
002635
300065
002241
000932
600699
600562
600643
002045
600549
002128
601717
300367
600856
000050
603355
000823
601390
600111
600884
000488
000403
000711
