002600
300133
600208
300413
600612
600011
600482
000783
600115
002019
300558
603900
000039
002706
600188
000671
300188
601111
002531
300316
000830
001979
300433
000717
002422
002202
600362
600201
002244
600048
600029
000703
600970
002258
601636
600741
601233
600521
600466
300072
601222
002044
601877
002737
600745
600803
600183
601003
600438
600761
601009
000625
000537
600690
002677
002714
601766
601336
600031
300251
002027
600487
603883
600267
601100
600559
002007
600176
600388
600038
000418
002304
600062
300373
002081
600150
600705
002668
002400
