300413
600482
300661
603900
002706
300673
300188
002531
000830
001979
300433
002202
600048
002891
600741
601233
600466
601222
002044
600745
600183
600438
000537
601336
002027
600487
603883
601100
600559
600176
600038
000418
600062
300373
603889
002668
601021
600584
603579
600196
603707
300308
603738
002709
002311
603986
600763
002624
600426
601155
600511
300012
601012
000661
600702
600887
300144
600060
300633
603338
300203
603658
002585
000333
002159
002048
000651
603179
002384
300129
600879
603001
002308
002659
600338
601318
300357
002439
601601
600872
002179
000786
300476
600809
600337
002009
601939
002366
300130
000820
000858
603899
600316
002077
000596
603939
300340
002694
300347
300416
600339
002773
600056
300225
002271
300226
000862
002768
002456
002103
300274
300195
000568
002614
600693
300600
300003
300450
000666
002127
002475
000963
600867
002310
002343
002035
002025
603788
300136
300607
300114
603006
600885
300630
603801
300296
300015
600661
002466
603686
002236
600703
300323
002572
600779
300156
002050
300346
603108
600335
600308
002120
300365
300271
300285
300138
002507
300054
000921
002036
002273
000915
002078
000426
603799
000063
002460
300081
601952
002008
002217
000968
002529
600258
300298
603515
002126
002488
300618
300422
300567
600167
600990
603008
300143
300545
002322
600529
000567
603228
300457
000513
600285
603377
603816
603337
603096
603197
000910
601689
603589
300232
300068
603626
002530
600419
603556
300447
603833
002338
300613
600855
300424
300616
603368
600742
002640
002705
300145
300452
600622
002841
603517
002833
600114
603808
300115
000901
603600
002043
603200
603737
603818
